3.64079 1.65833
14.2891 -5.63602
5.49395 4.84491
6.24701 2.18058
12.1929 -10.6906
5.60327 -4.81094
-6.61252 4.21194
17.2117 -3.72367
9.76985 -9.27929
14.7101 -1.28349
1.80614 -1.09996
-4.41813 7.85327
16.3165 -4.92491
7.68994 4.31292
-7.66649 5.53922
-4.6223 5.10034
17.4491 -4.53926
15.5399 -5.54222
-3.98869 5.09971
2.99962 8.93095
8.99522 2.38652
1.74387 -5.3451
15.6319 -5.65779
-5.49261 2.97504
-6.82001 2.37821
5.70417 -5.2285
3.21524 3.05325
18.5989 -5.23868
6.98125 4.44317
-2.53006 6.03395
-6.7204 5.87155
-6.69382 6.627
7.49657 -4.55083
14.3543 -8.90493
17.8578 -2.86808
13.8191 -7.38031
1.76387 -4.42763
5.87177 -2.43815
10.0078 -10.4969
-3.68232 2.72233
18.3193 -1.55337
3.11498 -2.06042
12.7849 -5.71469
13.6273 -7.33842
4.27654 3.07027
5.29371 -2.03511
1.15734 -1.33226
18.9943 -4.36191
9.63878 -5.22691
9.62256 -8.23405
3.31543 5.03441
4.1688 -1.90619
-5.43593 2.96725
9.6077 -5.19375
-6.30763 5.24711
-4.54163 8.22315
5.88729 -9.90346
0.882655 -4.80421
17.5326 -6.27506
-1.5336 5.83502
1.35424 -3.24958
4.68957 1.11977
2.82005 4.2684
6.0594 -2.33805
6.60698 2.26188
4.09719 3.90239
7.99769 5.34968
5.66856 1.20644
16.5443 -1.28337
0.903106 5.30739
6.38309 6.16552
3.99946 8.46327
-8.59489 4.72564
2.49132 5.11926
11.4263 -7.15538
-3.87148 5.76992
-6.33126 5.52333
-8.27721 4.7189
17.3323 -7.69397
9.79365 1.01126
3.95952 -3.46432
6.389 -8.12827
13.0604 -3.79938
7.35542 5.50525
4.80081 2.29806
6.17378 -8.87725
10.152 -7.88435
15.4663 -1.73884
13.9142 -3.27319
18.9433 -2.75203
18.3828 -5.04983
12.0452 -4.49518
9.00584 -7.07321
10.1548 -5.73653
15.9164 -1.76904
16.4765 -3.13333
-2.0145 8.72572
5.19036 3.00485
-4.05842 4.06033
2.69765 3.89254
2.73119 3.40686
-9.26359 2.13728
-2.21839 7.18332
6.12465 -2.64024
16.7597 -3.67725
1.63171 6.83154
0.968204 6.34251
16.5333 -8.37051
5.37501 -2.46535
4.90748 -8.84282
1.28109 5.03321
10.7124 -7.86622
3.53053 -1.08447
11.2319 -4.84978
-0.312382 4.79661
13.9336 -2.10771
6.08924 2.64469
15.0375 -8.87626
-0.53322 7.7162
0.380028 8.31192
-0.132993 4.21862
8.99581 -7.66954
-9.92478 0.587631
-1.39246 9.86935
-3.49803 6.70044
3.14463 3.46983
7.35718 -4.21075
6.74199 -4.71479
2.71447 8.61007
8.59231 -6.99658
14.1028 -9.09161
2.68086 5.51551
0.714376 8.81822
-2.68769 8.31035
-5.42521 2.56698
9.06085 4.04013
-4.89362 2.54228
1.0582 7.12111
-4.75239 7.43519
12.0681 -5.81565
-2.7343 7.30569
4.39211 -2.00279
9.72965 -8.8281
-4.51724 1.21729
18.1117 -2.6397
2.75036 -2.63503
3.8438 -6.46624
-1.11045 7.23296
-2.41135 3.23641
6.27294 5.15941
-1.46203 5.71276
5.73255 7.67663
18.3707 -6.32107
6.26578 2.7752
14.8842 -5.0582
1.61642 5.74619
3.78129 5.15467
14.9133 -7.03171
14.9827 -1.93958
3.67514 8.53597
9.05046 -5.50919
16.2323 -6.15279
17.2948 -7.63602
-7.97998 3.66203
-4.97016 8.18569
1.87637 -2.4518
4.25066 2.07166
15.0929 -5.07071
8.9824 -5.71688
13.3189 -3.99349
8.2657 -7.46437
19.2961 -1.09106
11.5848 -8.81812
-2.14526 6.20712
5.70068 0.717799
-7.95493 5.70276
-4.09776 0.478683
13.5725 -4.48637
16.2606 -8.41425
11.4662 -7.12506
-0.425752 4.87792
6.46153 3.59825
15.5746 -5.83176
4.0157 2.55412
10.4576 -9.38218
-1.70104 8.46465
14.9299 -6.58026
6.08162 -7.06888
4.30336 -1.76072
-3.61295 1.9094
7.18758 2.26224
6.48947 -4.12729
5.64822 0.51743
3.00369 3.08813
-4.0508 3.55557
4.02448 -7.03676
-4.19796 4.10698
1.04983 4.12325
6.11498 0.74216
6.36466 0.789126
5.45871 -4.07577
-5.80295 1.77117
6.23562 4.08964
-2.13743 7.32612
16.0215 -7.90004
-3.28554 7.05464
1.39779 -4.51314
2.98833 -4.44635
0.56223 4.30011
-3.57551 2.84194
12.8601 -4.85856
-4.02188 4.3712
4.68971 -1.82614
1.75335 6.24119
4.02364 0.103313
6.24822 -8.51036
3.77476 -1.17666
-4.23614 5.53277
-5.83126 5.24153
3.4628 3.01653
19.1267 -2.83743
17.5243 -1.23762
-2.17804 5.53552
-5.59764 2.76513
-8.60533 1.41134
-4.53315 7.50677
6.88161 -4.75954
-0.336807 4.9272
17.7563 -5.92294
3.88824 -5.82741
16.2567 -7.68608
-2.4333 8.4335
14.3999 -8.52534
5.6256 3.12061
12.649 -5.88484
14.9232 -2.81305
9.66423 -10.2779
11.2941 -5.78975
5.65622 -7.82711
6.20697 3.26155
-7.64097 3.2117
5.67043 3.61582
13.5457 -3.36428
-6.96771 4.45858
-3.1714 8.67804
4.17301 -5.20942
16.3756 -2.33784
18.0634 -5.91905
-1.76119 6.7225
18.8248 -1.86602
2.37134 -7.13762
6.209 6.5583
3.95923 1.12281
5.24733 -8.63356
16.6342 -5.29838
-0.332499 5.56425
3.57328 -3.12518
15.629 -3.99035
3.53038 3.99021
2.80653 -6.09863
17.5346 -5.20863
19.7093 -3.05433
4.66695 -2.24524
15.8358 -2.41228
-3.58402 7.08589
-6.54081 2.01018
12.4824 -10.6423
3.98166 2.23624
2.91803 -7.53146
4.86615 1.97228
-6.4055 0.5405
-2.66371 4.76085
1.99722 4.64606
15.2828 -2.51334
4.78287 1.59488
11.566 -9.79782
9.24383 -9.33241
14.5289 -4.69961
6.23577 -6.69336
-3.72106 7.36097
-6.46381 6.23875
17.8569 -5.01354
4.37582 -4.81667
-8.20993 3.7397
6.94668 4.8787
-9.10341 0.0106538
15.1758 -4.83175
-5.18751 7.67901
10.5018 -8.943
-1.82902 9.67171
7.73654 0.0878196
13.5296 -6.18325
-0.892623 5.29418
-3.22868 5.65019
-5.62388 0.873384
3.25827 -2.27185
-6.49228 2.21092
5.59755 0.701301
14.5662 -9.64406
16.8796 -1.4822
3.89653 1.70559
5.88986 -2.17627
-0.324416 8.41066
-4.33512 3.756
17.521 -7.16903
-4.02965 8.52916
19.3682 -3.8404
0.950067 -2.43129
18.4206 -5.17881
-2.92462 6.71978
7.16133 0.695148
-6.59433 4.49921
-7.13446 4.6487
4.06359 3.83716
-4.16801 0.694254
8.17121 3.561
-5.34611 4.13133
-4.00633 4.72407
-2.388 6.0387
15.6139 -1.02472
2.34941 9.09953
18.979 -4.34771
1.89133 -3.33886
11.8622 -8.09605
1.25373 -1.787
6.90727 -8.88128
-5.39659 7.51421
17.3952 -4.03767
16.2712 -1.91864
-1.08582 3.90932
-2.87442 2.85155
-1.6357 6.35934
4.85708 -3.86021
6.41915 0.157473
-9.34233 3.30956
11.1925 -4.90456
14.5939 -5.41055
2.85766 3.55084
2.59271 -7.43725
8.21789 -10.3678
11.1524 -7.95841
-1.63149 5.3161
6.59767 -9.37708
12.5144 -4.12504
13.6217 -2.83007
16.2405 -8.03978
0.309242 6.96687
-5.27744 1.59296
-4.55173 5.60241
-1.00165 8.52616
7.8558 -5.7656
-3.17681 7.92628
4.9632 -4.45503
2.72778 -5.14609
3.83186 -3.52539
4.49021 -2.71828
0.475717 4.12939
16.87 -2.67803
2.90298 5.82926
12.8879 -4.85304
-1.64026 7.86941
12.3365 -4.5274
-3.55324 7.1219
13.091 -9.56677
-1.05346 3.95923
9.34221 -5.79425
14.6276 -3.81503
1.34382 8.08656
12.5192 -8.31849
10.8536 -10.8204
-3.76039 7.15829
10.6331 -6.44165
-7.21949 6.3211
-5.01337 5.55064
4.64647 2.19976
-7.60692 4.09169
-1.19278 5.24316
-3.59536 2.41896
9.34946 -7.98864
6.87228 -4.44362
-5.22884 5.81154
5.81039 -4.92566
7.38972 -9.57407
1.80779 7.37067
0.804913 5.93777
-2.72782 6.26876
5.84695 0.74354
8.31249 4.21759
17.6336 -3.96774
-1.40967 4.8106
16.5922 -1.40476
11.7925 -5.67184
4.61997 -4.54294
4.42157 7.69794
12.7998 -5.63856
-6.36256 5.11032
5.48585 2.2899
-0.440666 6.17045
1.70406 6.87487
1.36532 6.22682
0.363647 -3.3517
0.204158 -1.34863
-5.68219 4.89785
7.86218 3.51943
-3.94829 2.3956
18.6524 -1.2285
0.636285 7.33547
17.1165 -4.90662
-5.02835 1.52461
2.96366 -4.34359
13.6227 -3.45838
12.1484 -5.33177
-4.61262 1.66291
19.4079 -2.60934
6.81732 -3.96293
2.91601 -7.03606
-1.00809 9.20133
4.82229 3.72123
1.62445 4.86845
14.5624 -1.26454
10.8839 -6.34469
4.10953 1.19084
6.43005 5.02057
7.12106 2.34454
6.85967 2.09863
-7.82792 3.57407
1.82695 -6.68015
5.66744 4.37795
1.72067 8.2389
7.07251 -4.80592
6.30374 -3.8884
4.71068 -7.00722
9.45819 -9.52546
-3.42342 9.19194
13.615 -3.53667
-4.64162 1.81325
-3.60984 2.07799
5.14353 -3.18452
12.5009 -7.08763
2.71557 -6.59987
5.08512 -1.45479
15.8781 -2.98047
1.06034 7.75175
-1.44968 4.4737
5.51077 6.31797
14.4431 -6.6847
4.14002 -3.82128
4.77074 -2.7243
-5.06138 3.77396
-1.54498 3.75236
-1.12171 5.18985
5.35444 -3.91786
-0.706456 4.81367
-7.09222 2.74692
3.21879 4.08925
16.1558 -3.96866
0.738885 5.04745
3.92111 4.48608
10.396 -7.55456
12.1487 -5.89172
18.6463 -3.8015
-0.730982 6.45408
-6.24275 4.27539
6.07105 -3.83458
2.22193 3.49204
15.849 -1.43912
5.05434 -1.78278
2.96201 7.13957
0.975925 -3.47665
15.3001 -4.71597
12.9549 -4.07338
-9.43082 2.11488
5.29033 -6.01592
5.26998 -4.24052
6.34443 -6.88414
-8.61512 2.00323
-5.44171 6.79042
17.7362 -5.60223
7.93082 -5.82565
5.23848 2.40008
-3.25458 3.24274
-6.98377 5.76648
7.44583 -9.24909
6.38423 -3.12818
-5.29501 0.712646
7.16706 1.28333
3.60834 5.81635
5.95952 -4.16899
-4.10908 0.0887716
5.27726 3.50722
1.68807 6.95499
-1.84831 5.35013
2.89575 3.23562
5.23831 4.28668
-3.68263 6.85859
17.1815 -3.26158
-7.69172 1.65431
17.8583 -6.86743
14.6442 -3.05212
6.25347 -4.36542
-3.57795 5.00992
1.29931 -1.12722
3.88496 -2.6621
6.47093 4.60575
10.9607 -10.2025
1.87279 6.94552
-5.00448 4.31964
3.33088 5.23675
-4.65622 1.77032
-3.65888 2.0351
6.9878 -5.7025
0.505417 -3.29906
19.2137 -4.32965
6.26207 -3.13312
4.6519 -2.21848
-1.78087 8.49924
-3.1079 4.14508
18.1517 -6.47706
5.46824 1.74156
-0.903115 4.96348
1.54978 3.76937
-5.97315 0.4139
-6.41186 0.614068
-2.09943 5.38406
3.89778 -3.93025
5.83698 4.21052
12.5866 -4.7937
-1.37348 8.71274
11.7394 -8.49115
13.2069 -8.63302
15.5383 -1.97245
6.00275 5.10202
9.26986 -8.71143
-5.61485 5.06764
2.96209 4.36319
12.516 -6.58838
6.4607 3.44574
12.4412 -5.8895
8.05204 -9.54442
2.20837 5.79272
4.46362 8.9027
-4.40592 8.55967
7.84651 -5.48197
3.31723 7.05082
15.4396 -4.35289
16.9827 -5.39526
-5.85293 1.56603
15.8554 -4.82594
7.51431 -5.19829
11.33 -8.33121
0.389566 -2.67471
5.24269 -4.43473
19.7246 -1.99634
6.9845 -6.09452
-7.71952 2.38726
16.091 -4.50065
3.23541 4.99622
4.59989 -1.75765
10.8897 -5.25563
0.922814 6.25903
4.80732 8.38975
1.13674 -5.62835
5.26068 -3.12335
13.5008 -4.56747
15.0599 -5.80446
0.443011 6.38938
-0.691744 5.36406
3.06686 -3.31979
16.2833 -5.23483
4.75188 1.45893
6.24451 -7.71202
19.1416 -4.23603
1.31066 4.42662
3.89237 3.77321
17.2566 -7.73881
-6.55821 5.33239
4.88923 2.0978
-5.40758 6.64237
6.19311 -9.35551
7.46758 -8.64049
3.24196 7.98513
2.0276 4.17788
-1.06518 9.93719
15.9781 -3.40657
15.0185 -7.12014
-6.43376 0.815846
8.96243 -6.07653
0.679075 5.91672
4.10014 1.15803
15.9412 -3.49567
4.25114 -7.70588
11.95 -5.70838
2.9846 -2.76197
-3.31459 2.95
8.2568 -10.5485
-7.24004 3.44536
0.127973 7.77607
14.1407 -2.46471
3.63315 -4.30563
7.40742 2.1008
-5.52606 4.19843
-2.79996 8.11716
8.37202 -7.12373
12.8251 -7.19238
10.1299 -6.41585
-6.42862 4.88249
4.6786 5.50459
4.04695 1.09634
19.3517 -2.90355
3.64501 2.56677
6.58661 -4.63422
10.2251 -10.7424
5.54362 -6.88184
8.76687 4.5627
17.6484 -1.89475
0.848557 4.66993
11.5507 -10.3785
13.3746 -4.90413
8.77411 -6.53148
13.7452 -4.72488
-1.23249 6.33516
7.29466 3.31786
5.18965 -2.56288
10.6811 -7.78546
6.25965 4.54567
-1.09992 7.43268
0.897199 4.07269
3.45313 6.63895
5.14136 -4.24852
2.01951 -3.70999
5.79345 3.80869
3.28273 2.77773
-4.36324 2.67029
8.35992 -6.47509
-2.91917 8.41454
14.0061 -1.9004
3.64915 -4.7722
-3.2299 9.43501
6.70645 -6.08272
4.80602 -5.96035
-1.8788 7.57787
-2.24496 8.63083
-3.11357 2.90634
7.45348 -9.85132
-3.08038 4.7418
-1.20913 9.21325
8.01296 -9.64459
19.362 -4.19948
-3.82384 6.47939
2.07763 -6.10644
4.09126 2.6629
6.17066 5.61905
0.503381 5.80994
-4.39704 0.0584079
3.36615 5.98011
-2.8602 4.05556
-2.99125 7.64775
-0.558271 4.7477
13.3478 -3.45499
12.2862 -8.84333
0.749268 -1.48038
2.96389 3.20469
10.931 -6.70035
15.257 -7.81981
7.74182 3.71135
0.6119 4.56546
-2.3049 8.47145
-3.71262 5.325
3.28196 9.14387
-8.50323 0.238804
14.1228 -5.42533
5.15099 -4.77848
-7.71633 0.292236
-4.34194 2.54147
1.75324 -5.267
11.6794 -4.78301
15.7658 -4.76209
4.03598 1.73202
0.876205 8.50975
10.0092 -5.89659
1.33569 4.65514
6.64999 -9.64933
-2.05683 4.04695
-2.45787 3.73042
0.432031 9.44608
1.52456 4.09318
2.11775 -3.13324
4.24811 -5.09673
4.67866 -6.75193
5.50166 -2.13752
4.3739 -6.17403
12.9281 -3.88395
16.015 -3.19836
6.49071 -3.48873
7.02857 -8.87277
11.5995 -6.0818
5.30889 -7.03856
8.05971 1.21923
11.8909 -10.1399
6.33425 -4.263
5.34117 0.650798
-4.41525 5.17263
10.0194 -6.31526
7.96002 -5.17427
4.5766 -3.12321
18.0074 -2.43483
0.669338 5.67799
0.186959 7.45356
3.22332 -4.745
-5.02902 1.02428
3.51782 5.4912
14.2971 -6.2093
-0.338807 5.09113
3.14753 7.4736
-4.20923 0.51971
-3.71527 3.2768
3.84351 2.55494
4.4294 5.91684
7.37112 -4.45725
9.03731 -6.21939
-4.16495 2.62602
13.4189 -6.91912
13.4286 -4.84662
17.9092 -3.44911
8.35162 -5.20707
10.6304 -5.23722
18.9034 -1.02514
4.00925 0.343143
13.091 -5.90372
10.4646 -8.54068
13.2444 -3.67757
0.000315309 9.13224
7.86706 -7.8062
-5.52103 0.146257
-1.82209 4.60187
2.0752 6.93232
2.68599 3.63328
-3.21607 3.16598
6.85121 -4.45688
-8.74911 0.135271
-5.45066 2.17252
6.64488 -4.07327
15.8918 -5.72098
0.139486 -2.47256
6.81091 -10.3926
-6.0618 4.64905
5.91668 -1.06309
5.50315 -4.76982
12.987 -4.20753
15.3019 -3.74855
15.9402 -1.16255
15.2156 -1.16073
10.2333 -7.6303
6.67196 -5.18152
5.65385 -4.57467
-4.52999 6.59659
4.76914 4.78061
-6.41453 2.20276
13.7225 -8.21046
4.70823 -4.85442
5.53236 1.06156
5.5771 0.209673
10.9532 -6.43931
8.22178 2.48586
-1.56285 4.01183
13.9687 -4.97922
-9.24146 3.16783
7.62916 -5.70841
14.2696 -2.81617
-5.47293 6.56891
-9.21639 3.18852
7.27777 -4.08512
5.96154 -2.1023
3.04401 -3.85086
8.3378 -8.90543
8.40789 -6.56446
13.8018 -2.97729
-6.76405 6.88895
2.89308 4.98494
7.62913 -5.39707
13.5616 -9.61497
2.53029 -5.43295
14.286 -1.40672
10.5159 -5.78643
4.9562 2.51327
8.11304 0.885449
14.3112 -2.68543
-9.54146 1.81752
2.24996 -3.66534
5.8263 -1.38309
16.0072 -2.71341
18.3206 -6.53877
13.4989 -4.59751
6.73695 -4.57158
0.936454 7.98809
18.8662 -2.13969
10.0947 -10.1462
18.4306 -1.27263
16.0586 -6.33921
15.4732 -7.77313
11.3797 -9.77511
2.73144 -5.11442
-6.21378 3.69733
-2.26583 5.23472
14.1055 -7.02426
9.29233 -5.0053
4.30337 -9.00269
6.40872 2.39882
12.5791 -7.27163
5.31849 -3.69456
0.626422 -3.49371
-6.9974 0.0321029
2.29542 -3.0831
3.92458 5.74325
6.24055 -3.88076
18.6664 -2.93028
10.1767 -6.54194
-6.32864 3.76377
16.8947 -5.14993
11.9713 -6.44667
4.60058 -5.11689
-0.675605 7.25508
7.53875 -7.84889
-0.849673 7.7355
2.7278 -7.32375
-4.77501 1.03494
11.4712 -5.21814
-5.41281 5.23217
7.37071 -6.94833
4.28683 3.39559
0.871614 -1.25503
2.52614 3.57335
4.87953 -6.55294
-6.17049 7.73479
4.38011 5.59233
-4.44378 7.21122
5.6913 -7.81501
-0.462396 5.68496
8.76301 -5.05151
11.6852 -7.21692
4.17379 -6.06599
8.04603 -8.52446
8.45867 4.53731
-0.40044 5.16059
18.1762 -5.76264
6.7812 -5.07534
-7.81139 4.9504
-5.08328 0.949414
9.4643 -9.30893
6.76957 -4.49631
17.869 -3.53034
-3.03543 9.14194
-5.81826 1.98472
6.08828 3.62897
-4.20874 0.476932
-0.0622447 9.2281
-3.12437 3.84139
2.32436 -7.20934
-6.83719 6.62461
-3.76697 5.17043
5.34844 5.9124
0.914613 7.3215
-1.36344 4.80081
14.1962 -2.19427
5.16582 -3.38249
11.2652 -6.01682
17.6689 -3.86565
7.78022 -7.09951
12.6999 -8.30708
-6.27773 0.730453
5.49085 -1.34859
6.09966 0.475654
6.80597 -9.28657
5.54903 -5.61175
4.91735 -3.95603
-6.67472 1.03367
13.99 -2.3927
-7.95815 5.26677
12.7453 -6.19582
-9.03817 3.09217
-7.50613 5.54351
3.57748 -7.97103
19.0949 -4.15698
11.5588 -6.71588
-0.173475 7.45647
13.2567 -8.81296
8.5147 -9.03499
13.8952 -7.44395
10.7232 -7.37227
13.393 -3.70858
0.995475 -4.63881
17.0571 -5.73266
7.7642 -4.40717
2.72647 -7.01295
8.654 -7.81395
9.34513 3.53124
16.6629 -4.94717
9.56405 -5.37354
7.89605 -9.16696
3.37035 4.53397
5.71933 -1.84241
13.4919 -4.71194
5.65922 -9.97324
6.46239 -5.67035
-5.90048 4.08799
9.60381 1.97994
5.51099 -1.24678
11.7325 -10.3146
10.0353 -7.28451
10.0543 -9.8029
9.342 -5.53473
4.37164 2.329
-8.62273 3.73023
0.166031 5.532
12.2939 -7.92644
13.7855 -5.83327
8.88249 -7.43117
5.2349 -5.61334
-7.76004 6.28132
-2.09551 6.67309
0.367358 3.98928
-0.578581 6.70604
-1.87582 7.43279
-6.76328 1.29451
18.4698 -5.98662
-4.1638 6.1652
12.2698 -6.23785
0.430595 8.36884
-6.22733 7.63043
16.0952 -6.99508
15.7308 -3.17731
7.63396 4.68159
7.4809 -6.57697
-7.94234 5.37764
-7.56099 5.29462
2.76586 -4.89109
-6.19524 1.38734
6.2712 -2.77482
6.81198 -7.26722
4.74989 -1.96877
17.3298 -7.58683
18.9469 -2.96944
-2.54002 3.35964
-6.35614 0.760479
5.64182 -3.95364
14.0961 -1.12429
5.10189 -2.18974
-4.3532 1.54663
12.9541 -5.60164
4.32544 -6.00967
2.77189 -4.23251
15.9283 -3.71357
16.0188 -2.02874
-4.30954 0.533293
-3.6502 1.89979
1.04808 5.14691
1.35008 5.01609
8.56357 -6.46404
14.8606 -2.16246
-4.26518 8.02458
8.11625 -5.05255
-5.13662 1.18764
10.4071 -5.43365
10.3997 -5.1096
16.8487 -8.14025
-8.94315 0.782638
2.14898 5.16439
17.5238 -3.97752
11.8313 -5.22034
14.1399 -1.31917
18.0577 -1.66739
8.58235 -5.01109
1.40984 -5.75892
16.9896 -1.27949
13.616 -3.0975
18.1003 -4.00714
7.666 3.61078
12.3817 -5.07585
8.32871 -4.63521
17.4408 -3.2821
-0.620115 7.61074
6.78422 -7.75139
3.41942 -8.30145
3.91458 2.77002
4.45095 1.56833
18.6453 -5.43229
18.1297 -4.94526
11.3943 -10.7782
6.07245 -7.83963
3.6301 1.8273
14.1422 -9.54463
5.60104 3.58664
-4.92368 7.29608
12.5399 -4.59426
13.7239 -5.15183
10.8392 -7.16741
4.93577 -2.62797
-3.38951 2.89348
1.1772 7.63688
-7.05288 6.70521
